north 0 1 1 0 0 1 0 0 0 1 0 0 0 1 1 0 1 0 0
south 1 1 1 0 0 0 1 0 0 0 1 1 0 1 0 0 0 0 0
east 0 0 1 0 1 0 0 1 1 0 0 0 1 0 1 1 0 1 0
west 0 0 0 1 0 1 0 0 1 1 0 0 0 1 0 1 1 0 1
up 0 0 0 0 0 1 0 0 1 0 1 0 0 0 0 0 0 0 0
down 0 0 0 0 0 0 0 0 1 0 0 0 0 0 0 1 0 0 1
pickup 0 0 0 0 0 0 0 0 0 0 0 0 0 0 0 0 0 0 0
use 0 0 0 0 0 0 0 0 0 0 0 0 0 0 0 0 0 0 0
examine 1 1 1 1 1 1 1 1 1 1 1 1 1 1 1 1 1 1 1
directions 1 1 1 1 1 1 1 1 1 1 1 1 1 1 1 1 1 1 1
help 1 1 1 1 1 1 1 1 1 1 1 1 1 1 1 1 1 1 1
quit 1 1 1 1 1 1 1 1 1 1 1 1 1 1 1 1 1 1 1